statistical period	total	car	bus	"Coach/Own use
"	"Bus /Business

"	"Bus /Business /Tour bus
"	"
Buses / open / open (excluding tour buses)"	"
big truck"	"
Large truck / personal use"	"Large truck / business
"	Minibus
107年	1290511	435114	1951	96	1855	759	1096	8640	3997	4643	384083
107年 1月	116803	47937	102	5	97	61	36	342	120	222	43801
107年 2月	75035	26964	128	2	126	63	63	371	212	159	24380
107年 3月	120094	39260	240	6	234	96	138	724	308	416	34508
107年 4月	93358	34457	164	8	156	85	71	585	277	308	30559
107年 5月	106498	35688	170	5	165	69	96	826	315	511	31346
107年 6月	106814	37887	150	11	139	61	78	733	313	420	33541
107年 7月	123099	43047	92	12	80	38	42	879	385	494	38120
107年 8月	98082	26033	156	11	145	57	88	719	357	362	22084
107年 9月	110798	30798	148	3	145	84	61	783	363	420	26184
107年 10月	108322	35045	246	9	237	68	169	913	457	456	30215
107年 11月	98419	36009	158	17	141	32	109	823	391	432	31526
107年 12月	133189	41989	197	7	190	45	145	942	499	443	37819
108年	1342102	439813	1703	97	1606	944	662	9891	4651	5240	383987
108年 1月	111248	44142	158	3	155	141	14	734	318	416	39270
108年 2月	68923	19640	107	-	107	57	50	498	223	275	16901
108年 3月	103582	32391	164	3	161	103	58	859	397	462	27850
108年 4月	104416	34680	156	5	151	102	49	928	384	544	29979
108年 5月	106804	37828	280	8	272	59	213	973	450	523	33114
108年 6月	107146	38236	174	10	164	70	94	812	381	431	33622
108年 7月	134980	48427	110	21	89	70	19	1047	531	516	42742
108年 8月	91066	23958	173	9	164	127	37	564	281	283	20655
108年 9月	117615	32851	143	6	137	101	36	849	421	428	28138
108年 10月	122571	41039	104	10	94	73	21	949	464	485	35660
108年 11月	120863	40698	63	8	55	24	31	817	394	423	35723
108年 12月	152888	45923	71	14	57	17	40	861	407	454	40333
109年	1493238	457411	1288	99	1189	757	432	10284	5001	5283	396345
109年 1月	85629	39416	158	3	155	109	46	763	344	419	35022
109年 2月	93262	27349	97	7	90	57	33	815	309	506	22726
109年 3月	111772	37276	90	9	81	45	36	1002	422	580	31715
109年 4月	97307	30821	58	10	48	25	23	740	354	386	26035
109年 5月	102769	33528	66	7	59	26	33	809	391	418	28324
109年 6月	122224	41385	163	9	154	92	62	815	379	436	36018
109年 7月	140439	43933	151	15	136	102	34	1018	551	467	38885
109年 8月	119038	34844	118	9	109	87	22	832	407	425	30739
109年 9月	140953	37238	134	5	129	106	23	1023	517	506	31772
109年 10月	137702	39791	92	8	84	48	36	827	407	420	34274
109年 11月	155062	46330	47	5	42	35	7	854	434	420	40780
109年 12月	187081	45500	114	12	102	25	77	786	486	300	40055
110年	1259030	449836	1341	71	1270	710	560	12484	5786	6698	382918
110年 1月	103646	51177	160	3	157	124	33	919	414	505	44934
110年 2月	70473	27171	110	6	104	67	37	624	311	313	23598
110年 3月	113970	43220	121	4	117	112	5	1061	496	565	37344
110年 4月	100998	37900	141	3	138	94	44	1018	441	577	32288
110年 5月	91054	34402	159	7	152	50	102	1116	494	622	28975
110年 6月	75101	27930	47	3	44	5	39	1118	523	595	23002
110年 7月	101203	38061	60	5	55	9	46	1173	512	661	32144
110年 8月	99752	33147	105	8	97	42	55	989	444	545	28173
110年 9月	117926	41131	80	6	74	51	23	1191	538	653	34878
110年 10月	113047	35290	73	8	65	47	18	1048	488	560	29985
110年 11月	130348	40102	125	11	114	73	41	1118	540	578	34057
110年 12月	141512	40305	160	7	153	36	117	1109	585	524	33540
111年	1163721	429716	1598	77	1521	649	872	11386	4674	6712	364231
111年 1月	86337	40623	163	7	156	97	59	724	351	373	36248
111年 2月	68881	24278	139	3	136	41	95	600	236	364	20572
111年 3月	110525	39441	231	8	223	92	131	923	381	542	33495
111年 4月	93328	35253	123	2	121	49	72	761	332	429	29657
111年 5月	79827	30920	63	12	51	19	32	898	363	535	25542
111年 6月	90211	32627	73	7	66	17	49	974	385	589	27235
111年 7月	104052	38191	72	7	65	53	12	1076	377	699	31722
111年 8月	101107	34416	107	2	105	48	57	898	364	534	29274
111年 9月	111147	35821	154	3	151	74	77	1156	451	705	29872
111年 10月	100336	36623	131	2	129	58	71	1051	438	613	30964
111年 11月	104900	39670	150	3	147	61	86	1230	485	745	33648
111年 12月	113070	41853	192	21	171	40	131	1095	511	584	36002
112年 (1~6月)	598587	234844	786	21	765	342	423	3999	1907	2092	204687
112年 1月	79268	34787	84	3	81	41	40	371	194	177	30540
112年 2月	91743	32818	102	6	96	61	35	574	238	336	28371
112年 3月	117945	44156	196	2	194	75	119	856	401	455	38057
112年 4月	90419	38230	133	3	130	54	76	617	288	329	33413
112年 5月	109769	42476	152	3	149	66	83	913	431	482	37028
112年 6月	109443	42377	119	4	115	45	70	668	355	313	37278
